AQ 1.13

1000
1902 97 42 120 94 50 32 43 32 98 42 120 32 43 32 99 32 61 32 48 10
1803
1902 69 110 116 101 114 32 97 44 32 98 44 32 99 58 10
1803
1103
1221
1103
1222
1103
1223
1211
1101 0
1411
1212
1101 0
1411
1401
1101 1
1502 120
1211
1101 0
1502 206
1902 81 117 97 100 114 97 116 105 99 32 101 113 117 97 116 105 111 110 46 10
1803
1101 4
1211
1213
1303
1303
1212
1212
1303
1302
1224
1214
1101 0
1413
1101 1
1502 240
1214
1101 0
1502 284
1214
1101 0
1412
1101 1
1502 335
9999
1803
1213
1101 0
1502 155
1902 48 32 33 61 32 48 46 32 73 110 118 97 108 105 100 32 101 113 117 97 116 105 111 110 46 10
1803
1501 118
1902 48 32 61 32 48 46 32 84 104 101 32 101 113 117 97 116 105 111 110 32 108 97 99 107 115 32 110 117 109 101 114 105 99 97 108 32 115 116 97 98 105 108 105 116 121 46 10
1803
1501 118
1902 76 105 110 101 97 114 32 101 113 117 97 116 105 111 110 46 10
1803
1213
1101 -1
1303
1212
1304
1902 120 32 61 32 10
1104
1501 118
1902 68 105 115 99 114 105 109 105 110 97 110 116 32 105 115 32 110 101 103 97 116 105 118 101 46 32 48 32 114 101 97 108 32 114 111 111 116 115 46 10
1803
1501 118
1902 68 105 115 99 114 105 109 105 110 97 110 116 32 61 32 48 46 32 49 32 114 101 97 108 32 114 111 111 116 46 10
1803
1212
1101 -1
1303
1211
1101 2
1303
1304
1902 120 32 61 32 10
1104
1501 118
1902 68 105 115 99 114 105 109 105 110 97 110 116 32 105 115 32 112 111 115 105 116 105 118 101 46 32 50 32 114 101 97 108 32 114 111 111 116 115 46 10
1803
1212
1101 -1
1303
1214
1314
1301
1211
1101 2
1303
1304
1902 120 49 32 61 32 10
1104
1802
1212
1101 -1
1303
1214
1314
1302
1211
1101 2
1303
1304
1902 120 50 32 61 32 10
1104
1501 118
