303
354
320
330
330
333
334
329
333
332
343
337
347
336
301
358
365
315
345
288
322
340
356
343
329
334
325
340
384
331
363
340
358
331
342
325
303
329
339
332
316
327
322
337
301
297
318
296
356
336
299
333
312
300
336
310
286
359
318
329
321
329
333
344
300
329
328
347
306
352
355
335
343
344
342
318
376
335
317
332
319
313
332
323
350
333
313
311
340
315
353
277
344
315
298
347
322
324
362
325
338
325
324
324
326
306
363
343
357
293
348
334
348
357
341
368
347
328
336
310
323
347
322
351
317
324
355
342
