1032
901
1032
902
1032
903
1029
1017
907
78
1017
907
79
1021
170
1031
1029
1001
902
0
1001
902
0
1005
1001
908
4
1001
901
0
1005
1001
903
0
1005
1004
1002
904
1001
904
0
1001
908
0
1023
7
1001
904
0
1010
1002
904
1001
904
0
1001
908
0
1026
85
1001
908
-1
1001
902
0
1005
1001
904
0
1003
1001
908
2
1001
901
0
1005
1006
1017
906
-1
1017
907
10
1001
908
-1
1001
902
0
1005
1001
904
0
1004
1001
908
2
1001
901
0
1005
1006
1017
906
-1
1017
907
10
1021
170
1031
1029
1001
902
0
1001
908
0
1027
143
1001
903
0
1001
908
0
1027
141
1017
907
105
1017
907
110
1017
907
102
1021
170
1030
7
1001
908
-1
1001
903
0
1005
1001
902
0
1006
1017
906
-1
1021
170
1031
1001
901
0
1001
908
0
1026
114
1030
17
1012
